-86,
-92,
-95,
-96,
-91,
-97,
-97,
-93,
-94,
-93,
-88,
-94,
-95,
-96,
-91,
-91,
-88,
-85,
-84,
-82,
-80,
-78,
-78,
-78,
-75,
-77,
-77,
-79,
-77,
-81,
-82,
-84,
-83,
-86,
-89,
-89,
-88,
-88,
-86,
-82,
-83,
-79,
-80,
-75,
-76,
-74,
-70,
-72,
-69,
-69,
-64,
-71,
-69,
-72,
-72,
-73,
-74,
-72,
-75,
-76,
-76,
-73,
-78,
-80,
-80,
-79,
-79,
-82,
-77,
-83,
-83,
-85,
-82,
-84,
-84,
-84,
-84,
-84,
-86,
-82,
-86,
-88,
-89,
-88,
-89,
-89,
-88,
-83,
-85,
-82,
-75,
-84,
-84,
-85,
-82,
-84,
-84,
-82,
-83,
-83,
-83,
-82,
-80,
-82,
-83,
-84,
-82,
-69,
-83,
-87,
-86,
-87,
-90,
-90,
-91,
-93,
-84,
-84,
-93,
-98,
-98,
-101,
-100,
-95,
-104,
-100,
-104,
-74,
-95,
-103,
-98,
-99,
-99,
-95,
-99,
-94,
-97,
-99,
-99,
-96,
-96,
-101,
-87,
-99,
-101,
-98,
-101,
-101,
-102,
-99,
-101,
-101,
-101,
-102,
-97,
-91,
-97,
-67,
-89,
-67,
-113,
-119,
-115,
-113,
-96,
-84,
-67,
-44,
-58,
-90,
-103,
-110,
-114,
-114,
-119,
-110,
-115,
-122,
-117,
-118,
-122,
-110,
-116,
-118,
-65,
-113,
-110,
-117,
-121,
-117,
-123,
-111,
-117,
-124,
-119,
-119,
-123,
-107,
-117,
-121,
-117,
-123,
-110,
-117,
-121,
-117,
-124,
-107,
-116,
-117,
-119,
-118,
-120,
-105,
-104,
-110,
-108,
-113,
-113,
-114,
-112,
-108,
-113,
-113,
-113,
-112,
-111,
-107,
-113,
-112,
-113,
-107,
-109,
-112,
-112,
-114,
-111,
-109,
-112,
-112,
-112,
-113,
-112,
-109,
-113,
-107,
-108,
-111,
-109,
-113,
-112,
-106,
-111,
-107,
-113,
-113,
-110,
-112,
-111,
-109,
-113,
-105,
-96,
-108,
-107,
-111,
-109,
-108,
-108,
-109,
-110,
-108,
-111,
-111,
-112,
-110,
-111,
-110,
-110,
-110,
-110,
-111,
-111,
-111,
-111,
-111,
-111,
-111,
-111,
-110,
-111,
-110,
-111,
-108,
-110,
-103,
-111,
-110,
-111,
-111,
-96,
-111,
-111,
-111,
-110,
-111,
-111,
-110,
-110,
-111,
-111,
-111,
-111,
-93,
-112,
-110,
-107,
-110,
-106,
-65,
-112,
-95,
-109,
-99,
-114,
-113,
-122,
-124,
-115,
-121,
-115,
-103,
-125,
-116,
-122,
-118,
-113,
-117,
-117,
-117,
-119,
-112,
-119,
-115,
-88,
-87,
-68,
-102,
-92,
-80,
-49,
-42,
-45,
-47,
-90,
-100,
-109,
-109,
-116,
-119,
-110,
-120,
-114,
-117,
-125,
-117,
-122,
-119,
-114,
-102,
-78,
-118,
-115,
-89,
-74,
-92,
-99,
-74,
-98,
-111,
-111,
-105,
-113,
-110,
-100,
-114,
-105,
-109,
-112,
-99,
-118,
-106,
-107,
-115,
-100,
-114,
-112,
-106,
-114,
-111,
-100,
-117,
-105,
-110,
-113,
-100,
-120,
-107,
-107,
-115,
-100,
-102,
-112,
-106,
-113,
-110,
-100,
-117,
-105,
-107,
-112,
-63,
-116,
-89,
-84,
-75,
-107,
-112,
-110,
-112,
-109,
-113,
-100,
-72,
-54,
-62,
-25,
-69,
-101,
-107,
-36,
-121,
-117,
-117,
-127,
-113,
-123,
-121,
-115,
-130,
-114,
-121,
-124,
-112,
-127,
-116,
-119,
-126,
-119,
-118,
-130,
-107,
-123,
-122,
-116,
-131,
-114,
-122,
-124,
-115,
-130,
-117,
-120,
-131,
-119,
-118,
-81,
-76,
-122,
-120,
-40,
-101,
-96,
-118,
-120,
-114,
-123,
-121,
-118,
-127,
-118,
-117,
-125,
-116,
-125,
-117,
-117,
-127,
-117,
-124,
-121,
-113,
-125,
-121,
-118,
-127,
-113,
-118,
-124,
-116,
-125,
-117,
-117,
-127,
-117,
-125,
-123,
-115,
-124,
-118,
-118,
-127,
-114,
-117,
-125,
-116,
-96,
-117,
-110,
-100,
-50,
-83,
-105,
-112,
-122,
-123,
-125,
-124,
-125,
-124,
-126,
-126,
-123,
-125,
-123,
-125,
-125,
-125,
-78,
-124,
-121,
-125,
-126,
-125,
-126,
-117,
-125,
-126,
-125,
-124,
-117,
-124,
-125,
-121,
-125,
-125,
-125,
-125,
-123,
-125,
-124,
-124,
-124,
-120,
-108,
-107,
-49,
-114,
-121,
-124,
-124,
-125,
-125,
-122,
-124,
-122,
-121,
-118,
-112,
-124,
-125,
-124,
-125,
-122,
-125,
-126,
-124,
-116,
-124,
-123,
-125,
-123,
-124,
-124,
-124,
-124,
-124,
-124,
-124,
-124,
-111,
-124,
-118,
-116,
-124,
-124,
-124,
-80,
-124,
-125,
-124,
-114,
-121,
-123,
-125,
-124,
-125,
-125,
-123,
-125,
-118,
-125,
-125,
-124,
-124,
-123,
-124,
-124,
-109,
-120,
